{
 "cells": [
  {
   "cell_type": "code",
   "execution_count": 1,
   "metadata": {},
   "outputs": [
    {
     "name": "stdout",
     "output_type": "stream",
     "text": [
      "[1. 2. 3. 4. 2. 1. 0. 0.]\n",
      "8\n",
      "[0 1 2 3 4 5 6 7]\n",
      "[[ 0  0  0  0  0  0  0  0]\n",
      " [ 0  1  2  3  4  5  6  7]\n",
      " [ 0  2  4  6  8 10 12 14]\n",
      " [ 0  3  6  9 12 15 18 21]\n",
      " [ 0  4  8 12 16 20 24 28]\n",
      " [ 0  5 10 15 20 25 30 35]\n",
      " [ 0  6 12 18 24 30 36 42]\n",
      " [ 0  7 14 21 28 35 42 49]]\n",
      "[[ 1.00000000e+00+0.00000000e+00j  1.00000000e+00+0.00000000e+00j\n",
      "   1.00000000e+00+0.00000000e+00j  1.00000000e+00+0.00000000e+00j\n",
      "   1.00000000e+00+0.00000000e+00j  1.00000000e+00+0.00000000e+00j\n",
      "   1.00000000e+00+0.00000000e+00j  1.00000000e+00+0.00000000e+00j]\n",
      " [ 1.00000000e+00+0.00000000e+00j  7.07106781e-01-7.07106781e-01j\n",
      "   6.12323400e-17-1.00000000e+00j -7.07106781e-01-7.07106781e-01j\n",
      "  -1.00000000e+00-1.22464680e-16j -7.07106781e-01+7.07106781e-01j\n",
      "  -1.83697020e-16+1.00000000e+00j  7.07106781e-01+7.07106781e-01j]\n",
      " [ 1.00000000e+00+0.00000000e+00j  6.12323400e-17-1.00000000e+00j\n",
      "  -1.00000000e+00-1.22464680e-16j -1.83697020e-16+1.00000000e+00j\n",
      "   1.00000000e+00+2.44929360e-16j  3.06161700e-16-1.00000000e+00j\n",
      "  -1.00000000e+00-3.67394040e-16j -4.28626380e-16+1.00000000e+00j]\n",
      " [ 1.00000000e+00+0.00000000e+00j -7.07106781e-01-7.07106781e-01j\n",
      "  -1.83697020e-16+1.00000000e+00j  7.07106781e-01-7.07106781e-01j\n",
      "  -1.00000000e+00-3.67394040e-16j  7.07106781e-01+7.07106781e-01j\n",
      "   5.51091060e-16-1.00000000e+00j -7.07106781e-01+7.07106781e-01j]\n",
      " [ 1.00000000e+00+0.00000000e+00j -1.00000000e+00-1.22464680e-16j\n",
      "   1.00000000e+00+2.44929360e-16j -1.00000000e+00-3.67394040e-16j\n",
      "   1.00000000e+00+4.89858720e-16j -1.00000000e+00-6.12323400e-16j\n",
      "   1.00000000e+00+7.34788079e-16j -1.00000000e+00-8.57252759e-16j]\n",
      " [ 1.00000000e+00+0.00000000e+00j -7.07106781e-01+7.07106781e-01j\n",
      "   3.06161700e-16-1.00000000e+00j  7.07106781e-01+7.07106781e-01j\n",
      "  -1.00000000e+00-6.12323400e-16j  7.07106781e-01-7.07106781e-01j\n",
      "  -2.69484194e-15+1.00000000e+00j -7.07106781e-01-7.07106781e-01j]\n",
      " [ 1.00000000e+00+0.00000000e+00j -1.83697020e-16+1.00000000e+00j\n",
      "  -1.00000000e+00-3.67394040e-16j  5.51091060e-16-1.00000000e+00j\n",
      "   1.00000000e+00+7.34788079e-16j -2.69484194e-15+1.00000000e+00j\n",
      "  -1.00000000e+00-1.10218212e-15j -4.90477700e-16-1.00000000e+00j]\n",
      " [ 1.00000000e+00+0.00000000e+00j  7.07106781e-01+7.07106781e-01j\n",
      "  -4.28626380e-16+1.00000000e+00j -7.07106781e-01+7.07106781e-01j\n",
      "  -1.00000000e+00-8.57252759e-16j -7.07106781e-01-7.07106781e-01j\n",
      "  -4.90477700e-16-1.00000000e+00j  7.07106781e-01-7.07106781e-01j]]\n"
     ]
    },
    {
     "data": {
      "text/plain": [
       "array([ 1.30000000e+01+0.00000000e+00j, -3.12132034e+00-6.53553391e+00j,\n",
       "       -1.37927510e-16+1.00000000e+00j,  1.12132034e+00-5.35533906e-01j,\n",
       "       -1.00000000e+00-6.12323400e-16j,  1.12132034e+00+5.35533906e-01j,\n",
       "       -9.18485099e-16-1.00000000e+00j, -3.12132034e+00+6.53553391e+00j])"
      ]
     },
     "execution_count": 1,
     "metadata": {},
     "output_type": "execute_result"
    }
   ],
   "source": [
    "import numpy as np\n",
    "def dft(x):\n",
    "    x = np.asarray(x, dtype=float)\n",
    "    print(x)\n",
    "    N = x.shape[0]\n",
    "    print(N)\n",
    "    n = np.arange(N)\n",
    "    print(n)\n",
    "    k = n.reshape((N, 1))\n",
    "    print(k*n)\n",
    "    M = np.exp(-2j * np.pi * k * n / N)\n",
    "    print(M)\n",
    "    return np.dot(M, x)\n",
    "y = [1,2,3,4,2,1,0,0]\n",
    "dft(y)"
   ]
  },
  {
   "cell_type": "code",
   "execution_count": 2,
   "metadata": {},
   "outputs": [],
   "source": [
    "def dft(x):\n",
    "    x = np.asarray(x, dtype=float)\n",
    "    print(x)\n",
    "    N = x.shape[0]\n",
    "    print(N)\n",
    "    n = np.arange(N)\n",
    "    print(n)\n",
    "    k = n.reshape((N, 1))\n",
    "    print(k*n)\n",
    "    M = np.exp(-2j * np.pi * k * n / N)\n",
    "    print(M)\n",
    "    return np.dot(M, x)"
   ]
  },
  {
   "cell_type": "code",
   "execution_count": 3,
   "metadata": {},
   "outputs": [],
   "source": [
    "def fft(x):\n",
    "    x = np.asarray(x, dtype=float)\n",
    "    N = x.shape[0]\n",
    "    if N % 2 > 0:\n",
    "        raise ValueError(\"must be a power of 2\")\n",
    "    elif N <= 2:\n",
    "        return dft(x)\n",
    "    else:\n",
    "        X_even = fft(x[::2])\n",
    "        X_odd = fft(x[1::2])\n",
    "        terms = np.exp(-2j * np.pi * np.arange(N) / N)\n",
    "        return np.concatenate([X_even + terms[:int(N/2)] * X_odd,\n",
    "                               X_even + terms[int(N/2):] * X_odd])"
   ]
  },
  {
   "cell_type": "code",
   "execution_count": 4,
   "metadata": {},
   "outputs": [
    {
     "name": "stdout",
     "output_type": "stream",
     "text": [
      "[1. 2.]\n",
      "2\n",
      "[0 1]\n",
      "[[0 0]\n",
      " [0 1]]\n",
      "[[ 1.+0.0000000e+00j  1.+0.0000000e+00j]\n",
      " [ 1.+0.0000000e+00j -1.-1.2246468e-16j]]\n",
      "[3. 0.]\n",
      "2\n",
      "[0 1]\n",
      "[[0 0]\n",
      " [0 1]]\n",
      "[[ 1.+0.0000000e+00j  1.+0.0000000e+00j]\n",
      " [ 1.+0.0000000e+00j -1.-1.2246468e-16j]]\n",
      "[2. 1.]\n",
      "2\n",
      "[0 1]\n",
      "[[0 0]\n",
      " [0 1]]\n",
      "[[ 1.+0.0000000e+00j  1.+0.0000000e+00j]\n",
      " [ 1.+0.0000000e+00j -1.-1.2246468e-16j]]\n",
      "[4. 0.]\n",
      "2\n",
      "[0 1]\n",
      "[[0 0]\n",
      " [0 1]]\n",
      "[[ 1.+0.0000000e+00j  1.+0.0000000e+00j]\n",
      " [ 1.+0.0000000e+00j -1.-1.2246468e-16j]]\n"
     ]
    },
    {
     "data": {
      "text/plain": [
       "array([ 1.30000000e+01+0.00000000e+00j, -3.12132034e+00-6.53553391e+00j,\n",
       "       -5.51091060e-16+1.00000000e+00j,  1.12132034e+00-5.35533906e-01j,\n",
       "       -1.00000000e+00-8.57252759e-16j,  1.12132034e+00+5.35533906e-01j,\n",
       "        6.73555740e-16-1.00000000e+00j, -3.12132034e+00+6.53553391e+00j])"
      ]
     },
     "execution_count": 4,
     "metadata": {},
     "output_type": "execute_result"
    }
   ],
   "source": [
    "fft(y)"
   ]
  },
  {
   "cell_type": "code",
   "execution_count": null,
   "metadata": {},
   "outputs": [],
   "source": []
  }
 ],
 "metadata": {
  "kernelspec": {
   "display_name": "Python 3.9.7 ('base')",
   "language": "python",
   "name": "python3"
  },
  "language_info": {
   "codemirror_mode": {
    "name": "ipython",
    "version": 3
   },
   "file_extension": ".py",
   "mimetype": "text/x-python",
   "name": "python",
   "nbconvert_exporter": "python",
   "pygments_lexer": "ipython3",
   "version": "3.9.7"
  },
  "orig_nbformat": 4,
  "vscode": {
   "interpreter": {
    "hash": "e9219923bdf2a9b400a653a3b8ff652ecffc24615f3cb2e1d804cf72dbbfba8d"
   }
  }
 },
 "nbformat": 4,
 "nbformat_minor": 2
}
